50
3.7299500672082777
0.0
4.788900066860808
0.6049787688870518
5.632538723693977
1.4461901423259467
4.466850556912934
1.7685512465955306
4.447840335818356
2.445220916826794
3.3978861495018027
2.468708792933441
3.685830394184652
3.461225125981315
2.591239616222466
3.1322706261680486
2.1622736349255116
3.407198052900512
1.3920803532032497
2.9583213362837917
1.3114738543718398
4.036301491035986
0.952368688632198
4.9924915027139996
0.29311136582554714
4.658871748360773
-0.36482270101668673
5.798690781369789
-1.144357259212059
5.998930835169125
-1.5261447530283745
4.696990581741819
-2.177836472690678
4.628138087914811
-2.8977053094869114
4.566052940243796
-2.0819899902283328
2.5166935738173857
-3.2600805553384626
3.061419415463017
-4.446991454334517
3.2309284132504374
-3.6424575292300103
2.0024579721087807
-3.084099028306268
1.2210811872122869
-5.045993820162571
1.2955910077029837
-4.843853278144971
0.611920973912197
-4.137104512810343
-1.330594294225948e-15
-5.39164058942333
-0.6811226044666578
-3.3426439257997593
-0.8582450883936369
-4.824783556762314
-1.9102669465088924
-4.072942105451597
-2.2391188705838316
-4.657835894822071
-3.3841158660581416
-2.634583572554859
-2.4740386514289674
-2.7338454004879367
-3.304651407312314
-3.7221961970909403
-5.865242691949505
-1.7672496374706432
-3.7555966485979733
-1.7138852557567585
-5.274796436249972
-0.9805966838447183
-5.140467835744811
-0.33664834765625307
-5.350872258435485
0.2830773718752388
-4.499385981554493
1.0382116232261422
-5.442495924996928
2.229442848884203
-6.861519553084013
1.7479943841585763
-3.7146771524082824
2.0943311680720678
-3.300137856155205
2.390613763432963
-2.8897556300216913
3.338305654125546
-3.1348776727478347
3.096798908503606
-2.249956107708449
4.239512552883614
-2.330691748977414
3.5840526211740547
-1.4190268177276966
4.25014586365634
-1.0912519829843492
6.118618873974953
-0.7729613192978793
